###atchley_atchley####
dataset size:  312
positives:  103
negatives:  209
     alpha_27_AF1  alpha_27_AF2  ...  peptide_20_AF4  peptide_20_AF5
0           1.050         0.300  ...           1.240          -1.262
1           0.950         0.830  ...           1.240          -1.262
3           0.260         0.830  ...           1.270          -0.912
6          -0.032         0.330  ...           1.270          -0.912
7           0.260         0.830  ...           1.240          -1.262
..            ...           ...  ...             ...             ...
398         1.050         0.300  ...           1.270          -0.912
399        -1.006        -0.590  ...           1.570          -0.146
400         1.050         0.300  ...          -0.838           1.510
402         1.830        -0.561  ...           0.390           0.820
403         1.050         0.300  ...           1.240          -1.262

[312 rows x 570 columns]
single dataset results: atchley
X_train size:  (312, 570)
Multiple datasets combos -  atchley 
 datasets included:  ['atchley']
0 1e-05
0 1.9573417814876617e-05
0 3.831186849557285e-05
0 7.498942093324559e-05
0 0.00014677992676220705
0 0.0002872984833353666
0 0.0005623413251903491
0 0.0011006941712522103
0 0.0021544346900318843
0 0.004216965034285823
0 0.00825404185268019
0 0.016155980984398747
0 0.03162277660168379
0 0.0618965818891261
0 0.12115276586285902
0 0.23713737056616552
0 0.4641588833612782
0 0.908517575651688
0 1.7782794100389228
0 3.4807005884284132
0 6.812920690579622
0 13.33521432163324
0 26.101572156825387
0 51.089697745069344
0 100.0
    lam           C    scores  threshold
0     0    0.000010  0.500000   0.500000
1     0    0.000020  0.500000   0.500000
2     0    0.000038  0.500000   0.500000
3     0    0.000075  0.500000   0.500000
4     0    0.000147  0.500000   0.500000
5     0    0.000287  0.500000   0.500000
6     0    0.000562  0.500000   0.500000
7     0    0.001101  0.500000   0.500000
8     0    0.002154  0.500000   0.500000
9     0    0.004217  0.500000   0.500000
10    0    0.008254  0.500000   0.500000
11    0    0.016156  0.500000   0.500000
12    0    0.031623  0.500000   0.500000
13    0    0.061897  0.500000   0.500000
14    0    0.121153  0.500000   0.500000
15    0    0.237137  0.500000   0.500000
16    0    0.464159  0.521591   0.521591
17    0    0.908518  0.578571   0.578571
18    0    1.778279  0.695108   0.695108
19    0    3.480701  0.750942   0.750942
20    0    6.812921  0.775281   0.775281
21    0   13.335214  0.772565   0.772565
22    0   26.101572  0.746872   0.746872
23    0   51.089698  0.772446   0.772446
24    0  100.000000  0.785714   0.785714
weights:  tensor([0.4240, 0.2918, 0.1076, 0.0569, 0.0419, 0.0396, 0.0382])
Accuracy score train: 0.9904, recall score train: 1.0000, precision score train: 0.9717, AUC train: 0.9928
