###distances_dist-atr-sol####
dataset size:  404
positives:  134
negatives:  270
     1-27_alpha  1-28_alpha  1-29_alpha  ...  20-115_beta  20-116_beta  20-117_beta
0      8.723012    7.631484    6.590269  ...    16.123281    18.224850    19.209198
1     13.331067   14.370256    7.646142  ...    15.718183    18.911652    17.906708
2      9.198623    4.440989    5.747897  ...    14.348558    15.344989    17.125488
3      7.642057    6.803304    5.112884  ...    14.586566    15.518257    16.654451
4      6.502083    6.424756    3.230366  ...    15.252495    16.960558    17.778864
..          ...         ...         ...  ...          ...          ...          ...
399    7.243270    7.674173    6.186987  ...    19.398500    17.567850    22.670889
400    8.063649    7.214312    7.698042  ...    20.082247    21.149477    21.776114
401   12.554082   14.627633   11.274659  ...    17.551556    20.007029    20.880407
402    7.121357    8.730726   10.068541  ...    18.044653    17.487215    19.475950
403    5.399026    4.790196    2.963157  ...    15.289093    18.036089    17.025177

[404 rows x 1880 columns]
###fa_atr_dist-atr-sol####
dataset size:  404
positives:  134
negatives:  270
     1-27_alpha  1-28_alpha  1-29_alpha  ...  20-115_beta  20-116_beta  20-117_beta
0      0.000000    0.000000    0.000000  ...          0.0          0.0          0.0
1      0.000000    0.000000    0.000000  ...          0.0          0.0          0.0
2      0.000000   -0.096710   -0.004945  ...          0.0          0.0          0.0
3      0.000000    0.000000   -0.027991  ...          0.0          0.0          0.0
4      0.000000    0.000000   -1.269445  ...          0.0          0.0          0.0
..          ...         ...         ...  ...          ...          ...          ...
399    0.000000    0.000000    0.000000  ...          0.0          0.0          0.0
400    0.000000    0.000000    0.000000  ...          0.0          0.0          0.0
401    0.000000    0.000000    0.000000  ...          0.0          0.0          0.0
402    0.000000    0.000000    0.000000  ...          0.0          0.0          0.0
403   -0.007282   -0.093739   -0.982686  ...          0.0          0.0          0.0

[404 rows x 1880 columns]
###fa_sol_dist-atr-sol####
dataset size:  404
positives:  134
negatives:  270
     1-27_alpha  1-28_alpha  1-29_alpha  ...  20-115_beta  20-116_beta  20-117_beta
0      0.000000    0.000000    0.000000  ...          0.0          0.0          0.0
1      0.000000    0.000000    0.000000  ...          0.0          0.0          0.0
2      0.000000    0.118206    0.015329  ...          0.0          0.0          0.0
3      0.000000    0.000000    0.049064  ...          0.0          0.0          0.0
4      0.000000    0.000000    1.331178  ...          0.0          0.0          0.0
..          ...         ...         ...  ...          ...          ...          ...
399    0.000000    0.000000    0.000000  ...          0.0          0.0          0.0
400    0.000000    0.000000    0.000000  ...          0.0          0.0          0.0
401    0.000000    0.000000    0.000000  ...          0.0          0.0          0.0
402    0.000000    0.000000    0.000000  ...          0.0          0.0          0.0
403    0.033215    0.164569    1.205524  ...          0.0          0.0          0.0

[404 rows x 1880 columns]
single dataset results: distances
X_train size:  (404, 1880)
single dataset results: fa_atr
X_train size:  (404, 1880)
single dataset results: fa_sol
X_train size:  (404, 1880)
Multiple datasets combos -  dist-atr-sol 
 datasets included:  ['distances', 'fa_atr', 'fa_sol']
0 1e-05
0 1.9573417814876617e-05
0 3.831186849557285e-05
0 7.498942093324559e-05
0 0.00014677992676220705
0 0.0002872984833353666
0 0.0005623413251903491
0 0.0011006941712522103
0 0.0021544346900318843
0 0.004216965034285823
0 0.00825404185268019
0 0.016155980984398747
0 0.03162277660168379
0 0.0618965818891261
0 0.12115276586285902
0 0.23713737056616552
0 0.4641588833612782
0 0.908517575651688
0 1.7782794100389228
0 3.4807005884284132
0 6.812920690579622
0 13.33521432163324
0 26.101572156825387
0 51.089697745069344
0 100.0
    lam           C    scores  threshold
0     0    0.000010  0.500000   0.500000
1     0    0.000020  0.500000   0.500000
2     0    0.000038  0.500000   0.500000
3     0    0.000075  0.500000   0.500000
4     0    0.000147  0.500000   0.500000
5     0    0.000287  0.500000   0.500000
6     0    0.000562  0.500000   0.500000
7     0    0.001101  0.500000   0.500000
8     0    0.002154  0.500000   0.500000
9     0    0.004217  0.500000   0.500000
10    0    0.008254  0.500000   0.500000
11    0    0.016156  0.500000   0.500000
12    0    0.031623  0.500000   0.500000
13    0    0.061897  0.500000   0.500000
14    0    0.121153  0.500000   0.500000
15    0    0.237137  0.500000   0.500000
16    0    0.464159  0.501994   0.501994
17    0    0.908518  0.596988   0.596988
18    0    1.778279  0.646815   0.646815
19    0    3.480701  0.685663   0.685663
20    0    6.812921  0.713828   0.713828
21    0   13.335214  0.705250   0.705250
22    0   26.101572  0.720218   0.720218
23    0   51.089698  0.697080   0.697080
24    0  100.000000  0.715018   0.715018
weights:  tensor([0.0865, 0.0744, 0.0568, 0.0268, 0.0135, 0.0118, 0.0107, 0.1041, 0.0939,
        0.0788, 0.0366, 0.0191, 0.0156, 0.0141, 0.1037, 0.0903, 0.0741, 0.0354,
        0.0203, 0.0179, 0.0155])
Accuracy score train: 0.9950, recall score train: 0.9925, precision score train: 0.9925, AUC train: 0.9944
