###fa_atr_atr####
dataset size:  404
positives:  134
negatives:  270
     1-27_alpha  1-28_alpha  1-29_alpha  ...  20-115_beta  20-116_beta  20-117_beta
0      0.000000    0.000000    0.000000  ...          0.0          0.0          0.0
1      0.000000    0.000000    0.000000  ...          0.0          0.0          0.0
2      0.000000   -0.096710   -0.004945  ...          0.0          0.0          0.0
3      0.000000    0.000000   -0.027991  ...          0.0          0.0          0.0
4      0.000000    0.000000   -1.269445  ...          0.0          0.0          0.0
..          ...         ...         ...  ...          ...          ...          ...
399    0.000000    0.000000    0.000000  ...          0.0          0.0          0.0
400    0.000000    0.000000    0.000000  ...          0.0          0.0          0.0
401    0.000000    0.000000    0.000000  ...          0.0          0.0          0.0
402    0.000000    0.000000    0.000000  ...          0.0          0.0          0.0
403   -0.007282   -0.093739   -0.982686  ...          0.0          0.0          0.0

[404 rows x 1880 columns]
single dataset results: fa_atr
X_train size:  (404, 1880)
Multiple datasets combos -  atr 
 datasets included:  ['fa_atr']
0 1e-05
0 1.9573417814876617e-05
0 3.831186849557285e-05
0 7.498942093324559e-05
0 0.00014677992676220705
0 0.0002872984833353666
0 0.0005623413251903491
0 0.0011006941712522103
0 0.0021544346900318843
0 0.004216965034285823
0 0.00825404185268019
0 0.016155980984398747
0 0.03162277660168379
0 0.0618965818891261
0 0.12115276586285902
0 0.23713737056616552
0 0.4641588833612782
0 0.908517575651688
0 1.7782794100389228
0 3.4807005884284132
0 6.812920690579622
0 13.33521432163324
0 26.101572156825387
0 51.089697745069344
0 100.0
    lam           C    scores  threshold
0     0    0.000010  0.500000   0.500000
1     0    0.000020  0.500000   0.500000
2     0    0.000038  0.500000   0.500000
3     0    0.000075  0.500000   0.500000
4     0    0.000147  0.500000   0.500000
5     0    0.000287  0.500000   0.500000
6     0    0.000562  0.500000   0.500000
7     0    0.001101  0.500000   0.500000
8     0    0.002154  0.500000   0.500000
9     0    0.004217  0.500000   0.500000
10    0    0.008254  0.500000   0.500000
11    0    0.016156  0.500000   0.500000
12    0    0.031623  0.500000   0.500000
13    0    0.061897  0.500000   0.500000
14    0    0.121153  0.500000   0.500000
15    0    0.237137  0.500000   0.500000
16    0    0.464159  0.519098   0.519098
17    0    0.908518  0.597405   0.597405
18    0    1.778279  0.677859   0.677859
19    0    3.480701  0.700834   0.700834
20    0    6.812921  0.716575   0.716575
21    0   13.335214  0.726414   0.726414
22    0   26.101572  0.688055   0.688055
23    0   51.089698  0.681176   0.681176
24    0  100.000000  0.705769   0.705769
weights:  tensor([0.3206, 0.2745, 0.2137, 0.0873, 0.0408, 0.0336, 0.0295])
Accuracy score train: 0.9901, recall score train: 0.9851, precision score train: 0.9851, AUC train: 0.9888
