###fa_sol_sol####
dataset size:  404
positives:  134
negatives:  270
     1-27_alpha  1-28_alpha  1-29_alpha  ...  20-115_beta  20-116_beta  20-117_beta
0      0.000000    0.000000    0.000000  ...          0.0          0.0          0.0
1      0.000000    0.000000    0.000000  ...          0.0          0.0          0.0
2      0.000000    0.118206    0.015329  ...          0.0          0.0          0.0
3      0.000000    0.000000    0.049064  ...          0.0          0.0          0.0
4      0.000000    0.000000    1.331178  ...          0.0          0.0          0.0
..          ...         ...         ...  ...          ...          ...          ...
399    0.000000    0.000000    0.000000  ...          0.0          0.0          0.0
400    0.000000    0.000000    0.000000  ...          0.0          0.0          0.0
401    0.000000    0.000000    0.000000  ...          0.0          0.0          0.0
402    0.000000    0.000000    0.000000  ...          0.0          0.0          0.0
403    0.033215    0.164569    1.205524  ...          0.0          0.0          0.0

[404 rows x 1880 columns]
single dataset results: fa_sol
X_train size:  (404, 1880)
Multiple datasets combos -  sol 
 datasets included:  ['fa_sol']
0 1e-05
0 1.9573417814876617e-05
0 3.831186849557285e-05
0 7.498942093324559e-05
0 0.00014677992676220705
0 0.0002872984833353666
0 0.0005623413251903491
0 0.0011006941712522103
0 0.0021544346900318843
0 0.004216965034285823
0 0.00825404185268019
0 0.016155980984398747
0 0.03162277660168379
0 0.0618965818891261
0 0.12115276586285902
0 0.23713737056616552
0 0.4641588833612782
0 0.908517575651688
0 1.7782794100389228
0 3.4807005884284132
0 6.812920690579622
0 13.33521432163324
0 26.101572156825387
0 51.089697745069344
0 100.0
    lam           C    scores  threshold
0     0    0.000010  0.500000   0.500000
1     0    0.000020  0.500000   0.500000
2     0    0.000038  0.500000   0.500000
3     0    0.000075  0.500000   0.500000
4     0    0.000147  0.500000   0.500000
5     0    0.000287  0.500000   0.500000
6     0    0.000562  0.500000   0.500000
7     0    0.001101  0.500000   0.500000
8     0    0.002154  0.500000   0.500000
9     0    0.004217  0.500000   0.500000
10    0    0.008254  0.500000   0.500000
11    0    0.016156  0.500000   0.500000
12    0    0.031623  0.500000   0.500000
13    0    0.061897  0.500000   0.500000
14    0    0.121153  0.500000   0.500000
15    0    0.237137  0.500000   0.500000
16    0    0.464159  0.503846   0.503846
17    0    0.908518  0.570828   0.570828
18    0    1.778279  0.652930   0.652930
19    0    3.480701  0.688604   0.688604
20    0    6.812921  0.666789   0.666789
21    0   13.335214  0.677656   0.677656
22    0   26.101572  0.693508   0.693508
23    0   51.089698  0.698738   0.698738
24    0  100.000000  0.676353   0.676353
weights:  tensor([0.3150, 0.2671, 0.2056, 0.0857, 0.0476, 0.0420, 0.0369])
Accuracy score train: 0.9950, recall score train: 1.0000, precision score train: 0.9853, AUC train: 0.9963
