###atchley_atchley-dist-atr####
dataset size:  312
positives:  103
negatives:  209
     alpha_27_AF1  alpha_27_AF2  ...  peptide_20_AF4  peptide_20_AF5
0           1.050         0.300  ...           1.240          -1.262
1           0.950         0.830  ...           1.240          -1.262
3           0.260         0.830  ...           1.270          -0.912
6          -0.032         0.330  ...           1.270          -0.912
7           0.260         0.830  ...           1.240          -1.262
..            ...           ...  ...             ...             ...
398         1.050         0.300  ...           1.270          -0.912
399        -1.006        -0.590  ...           1.570          -0.146
400         1.050         0.300  ...          -0.838           1.510
402         1.830        -0.561  ...           0.390           0.820
403         1.050         0.300  ...           1.240          -1.262

[312 rows x 570 columns]
###distances_atchley-dist-atr####
dataset size:  312
positives:  103
negatives:  209
     1-27_alpha  1-28_alpha  1-29_alpha  ...  20-115_beta  20-116_beta  20-117_beta
0      8.723012    7.631484    6.590269  ...    16.123281    18.224850    19.209198
1     13.331067   14.370256    7.646142  ...    15.718183    18.911652    17.906708
3      7.642057    6.803304    5.112884  ...    14.586566    15.518257    16.654451
6     12.989018   12.085370    8.341317  ...    18.440647    20.955229    21.762209
7      5.700542    6.418687    3.257966  ...    15.476341    15.766310    15.856048
..          ...         ...         ...  ...          ...          ...          ...
398    5.808342    7.428186    5.513094  ...    14.377228    15.176671    16.352026
399    7.243270    7.674173    6.186987  ...    19.398500    17.567850    22.670889
400    8.063649    7.214312    7.698042  ...    20.082247    21.149477    21.776114
402    7.121357    8.730726   10.068541  ...    18.044653    17.487215    19.475950
403    5.399026    4.790196    2.963157  ...    15.289093    18.036089    17.025177

[312 rows x 1880 columns]
###fa_atr_atchley-dist-atr####
dataset size:  312
positives:  103
negatives:  209
     1-27_alpha  1-28_alpha  1-29_alpha  ...  20-115_beta  20-116_beta  20-117_beta
0      0.000000    0.000000    0.000000  ...          0.0          0.0          0.0
1      0.000000    0.000000    0.000000  ...          0.0          0.0          0.0
3      0.000000    0.000000   -0.027991  ...          0.0          0.0          0.0
6      0.000000    0.000000    0.000000  ...          0.0          0.0          0.0
7     -0.000758    0.000000   -0.545072  ...          0.0          0.0          0.0
..          ...         ...         ...  ...          ...          ...          ...
398   -0.000663    0.000000   -0.005272  ...          0.0          0.0          0.0
399    0.000000    0.000000    0.000000  ...          0.0          0.0          0.0
400    0.000000    0.000000    0.000000  ...          0.0          0.0          0.0
402    0.000000    0.000000    0.000000  ...          0.0          0.0          0.0
403   -0.007282   -0.093739   -0.982686  ...          0.0          0.0          0.0

[312 rows x 1880 columns]
single dataset results: atchley
X_train size:  (312, 570)
single dataset results: distances
X_train size:  (312, 1880)
single dataset results: fa_atr
X_train size:  (312, 1880)
Multiple datasets combos -  atchley-dist-atr 
 datasets included:  ['atchley', 'distances', 'fa_atr']
0 1e-05
0 1.9573417814876617e-05
0 3.831186849557285e-05
0 7.498942093324559e-05
0 0.00014677992676220705
0 0.0002872984833353666
0 0.0005623413251903491
0 0.0011006941712522103
0 0.0021544346900318843
0 0.004216965034285823
0 0.00825404185268019
0 0.016155980984398747
0 0.03162277660168379
0 0.0618965818891261
0 0.12115276586285902
0 0.23713737056616552
0 0.4641588833612782
0 0.908517575651688
0 1.7782794100389228
0 3.4807005884284132
0 6.812920690579622
0 13.33521432163324
0 26.101572156825387
0 51.089697745069344
0 100.0
    lam           C    scores  threshold
0     0    0.000010  0.500000   0.500000
1     0    0.000020  0.500000   0.500000
2     0    0.000038  0.500000   0.500000
3     0    0.000075  0.500000   0.500000
4     0    0.000147  0.500000   0.500000
5     0    0.000287  0.500000   0.500000
6     0    0.000562  0.500000   0.500000
7     0    0.001101  0.500000   0.500000
8     0    0.002154  0.500000   0.500000
9     0    0.004217  0.500000   0.500000
10    0    0.008254  0.500000   0.500000
11    0    0.016156  0.500000   0.500000
12    0    0.031623  0.500000   0.500000
13    0    0.061897  0.500000   0.500000
14    0    0.121153  0.500000   0.500000
15    0    0.237137  0.500000   0.500000
16    0    0.464159  0.536255   0.536255
17    0    0.908518  0.611623   0.611623
18    0    1.778279  0.729751   0.729751
19    0    3.480701  0.792262   0.792262
20    0    6.812921  0.808853   0.808853
21    0   13.335214  0.775563   0.775563
22    0   26.101572  0.776840   0.776840
23    0   51.089698  0.789448   0.789448
24    0  100.000000  0.777738   0.777738
weights:  tensor([0.1136, 0.0855, 0.0386, 0.0231, 0.0178, 0.0170, 0.0166, 0.0852, 0.0735,
        0.0532, 0.0239, 0.0119, 0.0104, 0.0097, 0.1181, 0.1057, 0.0898, 0.0461,
        0.0231, 0.0198, 0.0174])
Accuracy score train: 0.9904, recall score train: 1.0000, precision score train: 0.9717, AUC train: 0.9928
