###fa_sol_sol####
dataset size:  312
positives:  103
negatives:  209
     1-27_alpha  1-28_alpha  1-29_alpha  ...  20-115_beta  20-116_beta  20-117_beta
0      0.000000    0.000000    0.000000  ...          0.0          0.0          0.0
1      0.000000    0.000000    0.000000  ...          0.0          0.0          0.0
3      0.000000    0.000000    0.049064  ...          0.0          0.0          0.0
6      0.000000    0.000000    0.000000  ...          0.0          0.0          0.0
7      0.007871    0.000000    0.723344  ...          0.0          0.0          0.0
..          ...         ...         ...  ...          ...          ...          ...
398    0.002975    0.000000    0.011238  ...          0.0          0.0          0.0
399    0.000000    0.000000    0.000000  ...          0.0          0.0          0.0
400    0.000000    0.000000    0.000000  ...          0.0          0.0          0.0
402    0.000000    0.000000    0.000000  ...          0.0          0.0          0.0
403    0.033215    0.164569    1.205524  ...          0.0          0.0          0.0

[312 rows x 1880 columns]
single dataset results: fa_sol
X_train size:  (312, 1880)
Multiple datasets combos -  sol 
 datasets included:  ['fa_sol']
0 1e-05
0 1.9573417814876617e-05
0 3.831186849557285e-05
0 7.498942093324559e-05
0 0.00014677992676220705
0 0.0002872984833353666
0 0.0005623413251903491
0 0.0011006941712522103
0 0.0021544346900318843
0 0.004216965034285823
0 0.00825404185268019
0 0.016155980984398747
0 0.03162277660168379
0 0.0618965818891261
0 0.12115276586285902
0 0.23713737056616552
0 0.4641588833612782
0 0.908517575651688
0 1.7782794100389228
0 3.4807005884284132
0 6.812920690579622
0 13.33521432163324
0 26.101572156825387
0 51.089697745069344
0 100.0
    lam           C    scores  threshold
0     0    0.000010  0.500000   0.500000
1     0    0.000020  0.500000   0.500000
2     0    0.000038  0.500000   0.500000
3     0    0.000075  0.500000   0.500000
4     0    0.000147  0.500000   0.500000
5     0    0.000287  0.500000   0.500000
6     0    0.000562  0.500000   0.500000
7     0    0.001101  0.500000   0.500000
8     0    0.002154  0.500000   0.500000
9     0    0.004217  0.500000   0.500000
10    0    0.008254  0.500000   0.500000
11    0    0.016156  0.500000   0.500000
12    0    0.031623  0.500000   0.500000
13    0    0.061897  0.500000   0.500000
14    0    0.121153  0.500000   0.500000
15    0    0.237137  0.500000   0.500000
16    0    0.464159  0.514784   0.514784
17    0    0.908518  0.623550   0.623550
18    0    1.778279  0.677900   0.677900
19    0    3.480701  0.732489   0.732489
20    0    6.812921  0.737641   0.737641
21    0   13.335214  0.721201   0.721201
22    0   26.101572  0.699838   0.699838
23    0   51.089698  0.702100   0.702100
24    0  100.000000  0.702673   0.702673
weights:  tensor([0.3048, 0.2623, 0.2010, 0.0918, 0.0520, 0.0461, 0.0419])
Accuracy score train: 0.9744, recall score train: 0.9417, precision score train: 0.9798, AUC train: 0.9661
